2.103831768035888672e-01
2.364000231027603149e-01
-9.754419326782226562e-02
-5.199912935495376587e-02
-1.750452369451522827e-01
-4.038257896900177002e-01
-4.697423577308654785e-01
2.055168300867080688e-01
-1.112186610698699951e-01
4.314044117927551270e-01
-5.574107766151428223e-01
3.436104953289031982e-01
-2.026586383581161499e-01
1.302243303507566452e-02
-2.253085523843765259e-01
1.671024709939956665e-01
-2.757725417613983154e-01
2.630223929882049561e-01
1.188467368483543396e-01
4.034962058067321777e-01
-2.630845010280609131e-01
-8.675763010978698730e-02
1.873617321252822876e-01
2.749767899513244629e-01
-1.197482824325561523e+00
1.283783167600631714e-01
-1.781702600419521332e-02
3.834386914968490601e-02
-2.657245397567749023e-01
7.491275668144226074e-02
2.521920204162597656e-01
-2.976736426353454590e-01
-7.502992749214172363e-01
-2.216947674751281738e-01
3.711778521537780762e-01
-1.919109746813774109e-02
1.459585726261138916e-01
-1.018696948885917664e-01
-1.721040904521942139e-01
-2.577674388885498047e-01
2.685661017894744873e-01
1.315818130970001221e-01
8.149821311235427856e-02
-1.296324431896209717e-01
8.769346168264746666e-04
-4.108677804470062256e-02
-6.453929841518402100e-02
9.124666452407836914e-02
-2.573128342628479004e-01
2.905908524990081787e-01
