9.882119297981262207e-02
-4.621913656592369080e-02
1.443002745509147644e-02
-7.884496450424194336e-02
-5.972716957330703735e-02
1.585160568356513977e-02
3.581474348902702332e-02
-1.021196972578763962e-02
-4.399522766470909119e-02
7.042796164751052856e-02
1.224422752857208252e-01
6.515313684940338135e-02
9.089485555887222290e-02
-3.358819289132952690e-03
-1.190550848841667175e-01
1.474242359399795532e-01
1.364951394498348236e-02
1.046645268797874451e-02
-1.403020042926073074e-02
-5.730912461876869202e-02
1.022096201777458191e-01
6.236717477440834045e-02
6.891902536153793335e-02
-2.919169329106807709e-02
5.760587751865386963e-02
3.750814497470855713e-02
8.827348053455352783e-02
4.680537804961204529e-02
1.170685738325119019e-01
1.287910491228103638e-01
-8.082899451255798340e-02
-2.363751828670501709e-02
2.762851491570472717e-02
-1.677349768579006195e-02
1.243456825613975525e-01
-2.211116105318069458e-01
7.094941567629575729e-03
-7.628320157527923584e-02
2.398952096700668335e-02
3.022529184818267822e-02
-1.984359137713909149e-02
8.298774808645248413e-02
-4.782257601618766785e-02
1.635042484849691391e-03
-2.845456637442111969e-02
-6.760819256305694580e-02
-1.266788691282272339e-01
-8.477076143026351929e-02
4.703248292207717896e-02
-1.191008910536766052e-01
