-1.552428007125854492e+00
-2.657324552536010742e+00
-1.197971582412719727e+00
-7.331421375274658203e-01
-7.621808648109436035e-01
-9.596446156501770020e-01
-6.866430044174194336e-01
-8.703337311744689941e-01
9.465830773115158081e-02
-1.155507206916809082e+00
-4.891862869262695312e-01
-1.732668876647949219e+00
-2.622170209884643555e+00
-9.483831524848937988e-01
1.608257889747619629e+00
-1.282460689544677734e+00
-9.999383091926574707e-01
-1.298860669136047363e+00
-1.928859949111938477e+00
-7.987129092216491699e-01
-6.989291310310363770e-02
-9.917649030685424805e-01
-5.598336458206176758e-01
-8.260561227798461914e-01
-1.130433201789855957e+00
-5.666266679763793945e-01
-1.305790901184082031e+00
1.372151449322700500e-02
-6.122527718544006348e-01
-3.168665170669555664e-01
-1.006737351417541504e+00
-7.242205739021301270e-01
-1.016587972640991211e+00
-2.261667698621749878e-02
2.758730351924896240e-01
-3.013319373130798340e-01
-1.707837820053100586e+00
-2.108919620513916016e-01
-2.060249149799346924e-01
-2.188181877136230469e+00
-3.210293054580688477e-01
-7.036358714103698730e-01
-7.496817708015441895e-01
-1.163377091288566589e-01
-6.914658546447753906e-01
-1.127605438232421875e+00
-2.403045296669006348e-01
-1.829346299171447754e+00
-9.520305991172790527e-01
-2.428143262863159180e+00
