4.089242815971374512e-01
6.424937844276428223e-01
3.498164117336273193e-01
-1.184602230787277222e-01
2.164663374423980713e-02
3.457516729831695557e-01
3.856801986694335938e-02
5.582132935523986816e-01
-2.438969910144805908e-02
3.018775582313537598e-01
4.278107881546020508e-01
-6.304686665534973145e-01
-3.685410693287849426e-02
1.115176081657409668e+00
1.153531074523925781e-01
1.919953227043151855e-01
-1.861439585685729980e+00
3.412680923938751221e-01
8.415704965591430664e-01
1.020104289054870605e+00
9.615651518106460571e-02
-2.368170022964477539e-01
-1.879764162003993988e-02
7.629926800727844238e-01
-5.326283574104309082e-01
4.131342470645904541e-01
5.856496095657348633e-01
2.824900150299072266e-01
-1.647426962852478027e+00
-5.266094803810119629e-01
4.924597740173339844e-01
1.043302267789840698e-01
-3.281940519809722900e-01
8.681848645210266113e-02
-6.604084372520446777e-02
2.051474452018737793e-01
-4.586819112300872803e-01
5.558978915214538574e-01
5.631135776638984680e-02
7.898738980293273926e-01
-2.999510765075683594e-01
3.385446071624755859e-01
2.323204129934310913e-01
-3.770492374897003174e-01
2.735653221607208252e-01
7.615464925765991211e-02
8.709408044815063477e-01
-5.886466428637504578e-02
-1.484233289957046509e-01
-1.651817262172698975e-01
