-6.094434857368469238e-01
-4.493319392204284668e-01
-7.991072535514831543e-01
-3.484003618359565735e-02
-1.863621830940246582e+00
-2.806306600570678711e+00
-1.334088563919067383e+00
-8.236712217330932617e-01
-2.217785358428955078e+00
-5.127521753311157227e-01
-1.456138730049133301e+00
-1.394075512886047363e+00
-2.768057346343994141e+00
-3.332108736038208008e+00
-2.902009010314941406e+00
-3.168545484542846680e+00
-2.579635620117187500e+00
-1.303085565567016602e+00
-3.667457103729248047e-01
-6.007504463195800781e-01
-2.313977956771850586e+00
-9.171293377876281738e-01
-9.896631240844726562e-01
-1.156773090362548828e+00
-6.365588307380676270e-01
7.784546017646789551e-01
-1.590593218803405762e+00
-4.607737362384796143e-01
3.279652118682861328e+00
-5.092559456825256348e-01
3.723884820938110352e-01
-4.785134792327880859e-01
-3.793832778930664062e+00
-5.815345644950866699e-01
-1.375767588615417480e+00
-7.416689991950988770e-01
-9.357408285140991211e-01
-1.419815063476562500e+00
-4.170868873596191406e+00
-1.132506608963012695e+00
7.576382905244827271e-02
-1.602967381477355957e-01
-3.418220043182373047e+00
-2.762094020843505859e+00
-3.683872461318969727e+00
-1.736713290214538574e+00
-6.111172437667846680e-01
-1.441542983055114746e+00
1.950954943895339966e-01
-2.087878249585628510e-02
